 	id_cell	Frame	Level:	Parent:	Intensity:	Center:	Diameter:	Division:
1	1	1	0	0	36.134	2	49	0
2	1	2	0	0	35.398	2	55	0
3	1	3	0	0	36.009	2	60	0
4	1	4	0	0	35.568	2	33	1
5	1	5	0	0	33.677	2	37	0
6	1	6	0	0	32.159	2	41	0
7	1	7	0	0	29.683	2	48	0
8	1	8	0	0	28.154	2	55	0
9	1	9	0	0	26.321	2	62	0
10	1	10	0	0	25.232	2	70	0
11	1	11	0	0	26.083	2	44	1
12	1	12	0	0	25.241	2	49	0
13	1	13	0	0	24.032	2	55	0
14	1	14	0	0	23.048	2	61	0
15	1	15	0	0	22.072	2	72	0
16	1	16	0	0	21.104	2	83	0
17	1	17	0	0	22.006	2	50	1
18	1	18	0	0	21.234	2	58	0
19	1	19	0	0	20.351	2	66	0
20	1	20	0	0	19.686	2	76	0
21	1	21	0	0	20.972	2	47	1
22	1	22	0	0	20.415	2	56	0
23	1	23	0	0	21.123	2	62	0
24	1	24	0	0	24.002	2	76	0
25	1	25	0	0	31.092	2	39	1
26	1	26	0	0	35.420	2	48	0
27	1	27	0	0	37.571	2	53	0
28	1	28	0	0	41.096	2	59	0
29	1	29	0	0	46.548	2	67	0
30	1	30	0	0	49.049	2	39	1
31	1	31	0	0	48.660	2	45	0
32	1	32	0	0	43.384	2	50	0
33	1	33	0	0	43.241	2	58	0
34	1	34	0	0	40.539	2	66	0
35	1	35	0	0	40.574	2	40	1
36	1	36	0	0	40.938	2	47	0
37	1	37	0	0	39.693	2	53	0
38	1	38	0	0	41.761	2	61	0
39	1	39	0	0	41.795	2	68	0
40	1	40	0	0	45.424	2	78	0
41	1	41	0	0	45.472	2	41	1
42	1	42	0	0	44.222	2	52	0
43	1	43	0	0	43.751	2	55	0
44	1	44	0	0	41.763	2	63	0
45	1	45	0	0	38.594	2	71	0
46	1	46	0	0	38.470	2	43	1
47	1	47	0	0	37.751	2	49	0
48	1	48	0	0	36.665	2	55	0
49	1	49	0	0	37.616	2	63	0
50	1	50	0	0	37.238	2	71	0
51	1	51	0	0	36.649	2	81	0
52	1	52	0	0	35.782	2	91	0
53	1	53	0	0	32.814	2	105	0
54	1	54	0	0	33.183	2	114	0
55	1	55	0	0	30.477	2	139	0
56	1	56	0	0	29.805	2	161	0
57	1	57	0	0	28.535	2	187	0
58	1	58	0	0	29.648	2	75	1
59	1	59	0	0	30.671	2	65	0
60	1	60	0	0	32.659	2	74	0
61	1	61	0	0	36.622	2	50	1
62	1	62	0	0	38.795	2	54	0
63	1	63	0	0	39.652	2	60	0
64	1	64	0	0	41.522	2	67	0
65	1	65	0	0	45.126	2	77	0
66	1	66	0	0	48.877	2	86	0
67	1	67	0	0	50.720	2	49	1
68	1	68	0	0	50.411	2	49	0
69	1	69	0	0	49.320	2	63	0
70	1	70	0	0	48.612	2	70	0
71	1	71	0	0	49.642	2	40	1
72	1	72	0	0	45.404	2	50	0
73	1	73	0	0	46.278	2	58	0
74	1	74	0	0	45.615	2	63	0
75	1	75	0	0	47.367	2	71	0
76	1	76	0	0	42.968	2	44	1
77	1	77	0	0	43.363	2	52	0
78	1	78	0	0	45.224	2	54	0
79	1	79	0	0	45.204	2	60	0
80	1	80	0	0	48.610	2	36	1
81	1	81	0	0	48.873	2	43	0
82	1	82	0	0	47.124	2	48	0
83	1	83	0	0	45.836	2	53	0
84	1	84	0	0	44.117	2	60	0
85	1	85	0	0	46.302	2	67	0
86	1	86	0	0	50.497	2	43	1
87	1	87	0	0	55.409	2	44	0
88	1	88	0	0	58.204	2	53	0
89	1	89	0	0	61.725	2	59	0
90	1	90	0	0	57.504	2	71	0
91	1	91	0	0	55.103	2	78	0
92	1	92	0	0	54.156	2	43	1
93	1	93	0	0	54.967	2	52	0
94	1	94	0	0	55.519	2	57	0
95	1	95	0	0	57.411	2	63	0
96	1	96	0	0	53.722	2	72	0
97	1	97	0	0	50.044	2	82	0
98	1	98	0	0	45.717	2	92	0
99	1	99	0	0	43.087	2	105	0
100	1	100	0	0	40.534	2	67	1
101	1	101	0	0	40.372	2	76	0
102	1	102	0	0	36.533	2	43	1
103	1	103	0	0	37.142	2	45	0
104	1	104	0	0	37.206	2	54	0
105	1	105	0	0	40.087	2	61	0
106	1	106	0	0	41.912	2	71	0
107	1	107	0	0	43.194	2	39	1
108	1	108	0	0	41.812	2	45	0
109	1	109	0	0	40.143	2	48	0
110	1	110	0	0	39.982	2	56	0
111	1	111	0	0	38.808	2	66	0
112	1	112	0	0	38.032	2	75	0
113	1	113	0	0	38.480	2	44	1
114	1	114	0	0	37.582	2	50	0
115	1	115	0	0	35.518	2	60	0
116	1	116	0	0	33.960	2	69	0
117	1	117	0	0	35.167	2	69	0
118	1	118	0	0	34.142	2	78	0
119	1	119	0	0	34.692	2	52	1
120	1	120	0	0	35.231	2	57	0
121	1	121	0	0	35.391	2	66	0
122	1	122	0	0	35.197	2	74	0
123	1	123	0	0	36.868	2	84	0
124	1	124	0	0	40.770	2	53	1
125	1	125	0	0	42.964	2	58	0
126	1	126	0	0	45.053	2	65	0
127	1	127	0	0	47.907	2	72	0
128	1	128	0	0	49.556	2	82	0
129	1	129	0	0	50.146	2	94	0
130	1	130	0	0	49.618	2	57	1
131	1	131	0	0	51.870	2	62	0
132	1	132	0	0	49.792	2	72	0
133	1	133	0	0	47.221	2	80	0
134	1	134	0	0	45.692	2	95	0
135	1	135	0	0	45.375	2	55	1
136	1	136	0	0	43.229	2	61	0
137	1	137	0	0	42.847	2	37	1
138	1	138	0	0	41.312	2	41	0
139	1	139	0	0	42.176	2	41	0
140	1	140	0	0	38.764	2	51	0
141	3	4	1	1	36.326	66	35	0
142	3	5	1	1	33.658	78	43	0
143	3	6	1	1	31.827	86	47	0
144	3	7	1	1	29.788	98	52	0
145	3	8	1	1	28.711	110	57	0
146	3	9	1	1	26.594	125	65	0
147	3	10	1	1	24.891	141	73	0
148	3	11	1	1	23.539	166	85	1
149	3	12	1	1	25.012	188	44	0
150	3	13	1	1	23.874	214	49	0
151	5	11	1	1	27.109	81	39	0
152	5	12	1	1	25.646	92	45	0
153	5	13	1	1	24.590	103	50	0
154	5	14	1	1	20.246	241	182	0
155	5	15	1	1	21.272	285	83	1
156	9	17	1	1	22.582	95	47	0
157	9	18	1	1	21.957	109	53	0
158	9	19	1	1	21.175	126	62	0
159	9	20	1	1	20.567	144	70	0
160	9	21	1	1	19.805	170	83	1
161	9	22	1	1	19.555	198	98	0
162	9	23	1	1	21.318	231	63	1
163	9	24	1	1	21.671	257	63	0
164	9	25	1	1	22.522	302	75	0
165	9	26	1	1	26.273	305	44	1
166	17	21	1	1	21.702	87	42	0
167	17	22	1	1	21.438	100	46	0
168	17	23	1	1	20.967	114	54	0
169	17	24	1	1	22.538	130	56	0
170	17	25	1	1	24.244	153	70	0
171	17	26	1	1	28.658	175	40	0
172	17	27	1	1	30.280	201	49	0
173	17	28	1	1	34.373	226	54	0
174	17	29	1	1	40.115	253	55	0
175	17	30	1	1	39.805	294	69	1
176	17	31	1	1	46.441	300	29	0
177	33	25	1	1	31.185	83	46	0
178	33	26	1	1	37.801	92	46	0
179	33	27	1	1	38.422	105	54	0
180	33	28	1	1	38.744	119	62	0
181	33	29	1	1	39.682	130	65	0
182	33	30	1	1	40.215	157	43	1
183	33	31	1	1	41.073	187	53	0
184	33	32	1	1	41.085	205	56	0
185	33	33	1	1	43.005	237	65	0
186	33	34	1	1	43.587	275	34	1
187	33	35	1	1	39.675	280	48	0
188	65	30	1	1	51.250	73	36	0
189	65	31	1	1	49.930	86	43	0
190	65	32	1	1	45.432	97	49	0
191	65	33	1	1	46.576	111	55	0
192	65	34	1	1	44.132	129	65	0
193	65	35	1	1	41.831	149	77	1
194	65	36	1	1	44.636	176	44	0
195	65	37	1	1	42.198	202	52	0
196	129	35	1	1	42.946	72	34	0
197	129	36	1	1	43.401	85	40	0
198	129	37	1	1	41.830	97	46	0
199	129	38	1	1	45.490	111	52	0
200	129	39	1	1	45.592	125	59	0
201	129	40	1	1	48.219	144	68	0
202	129	41	1	1	47.558	162	73	1
203	129	42	1	1	48.900	195	90	0
204	129	43	1	1	51.608	221	53	1
205	129	44	1	1	51.443	253	62	0
206	129	45	1	1	46.491	297	80	0
207	129	46	1	1	46.902	350	84	1
208	129	47	1	1	48.418	387	90	0
209	257	41	1	1	46.814	89	50	0
210	257	42	1	1	47.736	105	55	0
211	257	43	1	1	46.419	116	63	0
212	257	44	1	1	46.166	133	72	0
213	257	45	1	1	44.019	154	85	0
214	257	46	1	1	46.161	178	48	1
215	257	47	1	1	49.254	205	50	0
216	257	48	1	1	49.341	230	61	0
217	257	49	1	1	52.486	267	72	0
218	257	50	1	1	48.956	310	88	0
219	257	51	1	1	50.245	307	46	0
220	257	52	1	1	47.003	358	60	1
221	513	46	1	1	40.197	80	39	0
222	513	47	1	1	39.346	92	45	0
223	513	48	1	1	38.081	103	50	0
224	513	49	1	1	38.169	119	58	0
225	513	50	1	1	37.874	136	67	0
226	513	51	1	1	40.500	154	35	1
227	513	52	1	1	39	178	42	0
228	513	53	1	1	38.201	207	50	0
229	513	54	1	1	41.714	236	61	0
230	513	55	1	1	45.151	265	63	0
231	513	56	1	1	48.236	313	72	1
232	1025	58	1	1	30.166	160	87	0
233	1025	59	1	1	30.498	186	123	0
234	1025	60	1	1	34.110	216	71	1
235	1025	61	1	1	39.603	250	83	0
236	1025	62	1	1	44.821	289	89	1
237	2049	61	1	1	39.679	86	38	0
238	2049	62	1	1	40.847	100	48	0
239	2049	63	1	1	41.504	112	54	0
240	2049	64	1	1	42.928	125	60	0
241	2049	65	1	1	44.170	147	72	0
242	2049	66	1	1	47.587	166	41	1
243	2049	67	1	1	45.822	199	55	0
244	2049	68	1	1	45.313	214	55	0
245	2049	69	1	1	45.585	254	65	0
246	2049	70	1	1	44.044	286	70	0
247	2049	71	1	1	58.043	251	41	1
248	2049	72	1	1	54.473	292	50	0
249	2049	73	1	1	55.285	334	54	0
250	4097	67	1	1	53.335	98	51	0
251	4097	68	1	1	50.422	106	59	0
252	4097	69	1	1	52.246	129	68	0
253	4097	70	1	1	53.107	146	78	0
254	4097	71	1	1	62.527	168	45	1
255	4097	72	1	1	64.983	195	53	0
256	4097	73	1	1	71.680	222	56	0
257	4097	74	1	1	68.810	253	67	0
258	4097	75	1	1	68.599	290	80	0
259	4097	76	1	1	64.403	293	48	1
260	4097	77	1	1	68.716	338	53	0
261	8193	71	1	1	52.379	80	42	0
262	8193	72	1	1	49.112	93	45	0
263	8193	73	1	1	50.871	106	50	0
264	8193	74	1	1	49.549	120	59	0
265	8193	75	1	1	54.100	136	67	0
266	8193	76	1	1	55.186	158	38	1
267	8193	77	1	1	57.294	177	42	0
268	8193	78	1	1	54.198	207	49	0
269	8193	79	1	1	48.695	235	62	0
270	8193	80	1	1	47.205	263	65	0
271	8193	81	1	1	47.090	300	72	0
272	8193	82	1	1	48.718	307	44	1
273	8193	83	1	1	59.699	307	60	0
274	16385	76	1	1	46.119	81	39	0
275	16385	77	1	1	46.538	97	47	0
276	16385	78	1	1	47.327	104	52	0
277	16385	79	1	1	44.661	118	60	0
278	16385	80	1	1	45.250	132	66	1
279	16385	81	1	1	44.800	151	75	0
280	16385	82	1	1	42.806	176	87	0
281	16385	83	1	1	42.823	198	59	1
282	16385	84	1	1	54.910	283	58	0
283	16385	85	1	1	53.511	320	62	0
284	16385	86	1	1	50.830	333	43	0
285	16385	87	1	1	41.538	340	43	1
286	32769	80	1	1	50.839	66	32	0
287	32769	81	1	1	51.954	76	35	0
288	32769	82	1	1	49.288	89	43	0
289	32769	83	1	1	48.185	100	49	0
290	32769	84	1	1	47.790	112	54	0
291	32769	85	1	1	49.895	125	60	0
292	32769	86	1	1	50.429	140	67	1
293	32769	87	1	1	49.371	165	41	0
294	32769	88	1	1	52.601	184	43	0
295	32769	89	1	1	54.327	207	47	0
296	32769	90	1	1	53.479	236	56	0
297	32769	91	1	1	54.220	269	66	0
298	32769	92	1	1	57.032	275	38	1
299	32769	93	1	1	55.026	278	45	0
300	32769	94	1	1	57.326	315	44	0
301	32769	95	1	1	56.708	360	62	0
302	65537	86	1	1	54.081	73	32	0
303	65537	87	1	1	57.330	83	41	0
304	65537	88	1	1	61.791	94	43	0
305	65537	89	1	1	66.021	105	48	0
306	65537	90	1	1	65.064	120	51	0
307	65537	91	1	1	61.635	138	62	0
308	65537	92	1	1	59.894	159	71	1
309	65537	93	1	1	58.102	183	43	0
310	65537	94	1	1	55.899	207	47	0
311	65537	95	1	1	53.384	234	58	0
312	65537	96	1	1	49.904	272	70	0
313	65537	97	1	1	47.974	308	76	0
314	65537	98	1	1	50.087	308	39	1
315	65537	99	1	1	48.600	351	50	0
316	65537	100	1	1	47.075	399	56	0
317	131073	92	1	1	56.271	88	47	0
318	131073	93	1	1	57.623	101	51	0
319	131073	94	1	1	59.161	112	57	0
320	131073	95	1	1	64.347	124	63	0
321	131073	96	1	1	64.242	142	72	0
322	131073	97	1	1	64.112	163	39	1
323	131073	98	1	1	62.146	188	50	0
324	131073	99	1	1	62.929	211	56	0
325	131073	100	1	1	61.308	235	63	0
326	131073	101	1	1	67.111	275	75	0
327	131073	102	1	1	70.424	278	39	1
328	131073	103	1	1	75.063	315	43	0
329	262145	100	1	1	42.121	110	45	0
330	262145	101	1	1	40.945	130	56	0
331	262145	102	1	1	37.768	157	65	0
332	262145	103	1	1	41.492	175	36	1
333	262145	104	1	1	42.666	203	41	0
334	262145	105	1	1	43.041	235	49	0
335	262145	106	1	1	41.958	274	59	0
336	262145	107	1	1	44.195	312	64	0
337	262145	108	1	1	45.120	359	73	1
338	262145	109	1	1	46.166	377	47	0
339	524289	102	1	1	39.539	92	51	0
340	524289	103	1	1	38.852	100	57	0
341	524289	104	1	1	39.589	118	66	0
342	524289	105	1	1	46.179	134	75	0
343	524289	106	1	1	58.737	152	39	1
344	524289	107	1	1	64.075	182	53	0
345	524289	108	1	1	71.490	207	57	0
346	524289	109	1	1	69.452	234	65	0
347	524289	110	1	1	68.712	264	72	0
348	524289	111	1	1	64.707	314	45	1
349	524289	112	1	1	62.689	313	47	0
350	524289	113	1	1	54.500	311	63	0
351	1048577	107	1	1	46.780	79	42	0
352	1048577	108	1	1	46.060	92	49	0
353	1048577	109	1	1	43.908	102	56	0
354	1048577	110	1	1	44.506	118	64	0
355	1048577	111	1	1	44.482	137	73	0
356	1048577	112	1	1	44.472	159	86	0
357	1048577	113	1	1	46.658	190	53	1
358	1048577	114	1	1	44.991	218	61	0
359	1048577	115	1	1	45.304	252	71	0
360	1048577	116	1	1	46.409	292	82	0
361	1048577	117	1	1	51.820	283	49	1
362	1048577	118	1	1	52.214	329	57	0
363	1048577	119	1	1	53.050	388	65	0
364	2097153	113	1	1	39.876	88	46	0
365	2097153	114	1	1	38.915	103	55	0
366	2097153	115	1	1	37.948	118	60	0
367	2097153	116	1	1	37.620	138	71	0
368	2097153	117	1	1	42.258	148	38	1
369	2097153	118	1	1	40.952	171	48	0
370	2097153	119	1	1	41.972	209	58	0
371	2097153	120	1	1	43.239	234	64	0
372	2097153	121	1	1	42.854	267	74	0
373	2097153	122	1	1	42.996	299	82	0
374	2097153	123	1	1	45.001	335	87	1
375	2097153	124	1	1	49.044	286	51	0
376	2097153	125	1	1	51.580	321	53	0
377	4194305	119	1	1	36.744	97	47	0
378	4194305	120	1	1	36.950	110	55	0
379	4194305	121	1	1	38.484	124	60	0
380	4194305	122	1	1	38.933	139	67	0
381	4194305	123	1	1	38.860	158	76	0
382	4194305	124	1	1	40.377	181	41	1
383	4194305	125	1	1	38.822	205	47	0
384	4194305	126	1	1	34.754	242	67	0
385	4194305	127	1	1	36.808	265	66	0
386	8388609	124	1	1	44.669	94	43	0
387	8388609	125	1	1	45.882	107	51	0
388	8388609	126	1	1	48.539	118	55	0
389	8388609	127	1	1	48.518	133	63	0
390	8388609	128	1	1	45.999	153	73	0
391	8388609	129	1	1	45.571	176	40	1
392	8388609	130	1	1	43.188	204	47	0
393	8388609	131	1	1	42.775	226	55	0
394	8388609	132	1	1	43.374	255	56	0
395	8388609	133	1	1	41.634	292	64	0
396	8388609	134	1	1	41.776	336	72	1
397	8388609	135	1	1	42.500	381	83	0
398	16777217	130	1	1	53.523	107	52	0
399	16777217	131	1	1	55.664	117	57	0
400	16777217	132	1	1	55.951	132	62	0
401	16777217	133	1	1	54.523	152	74	0
402	16777217	134	1	1	57.895	175	46	1
403	16777217	135	1	1	61.610	198	53	0
404	16777217	136	1	1	63.169	226	62	0
405	16777217	137	1	1	67.114	251	66	0
406	16777217	138	1	1	66.233	283	77	0
407	16777217	139	1	1	65.400	321	86	1
408	33554433	135	1	1	50.103	101	48	0
409	33554433	136	1	1	47.133	115	56	0
410	33554433	137	1	1	45.885	129	63	1
411	33554433	138	1	1	44.045	145	71	0
412	33554433	139	1	1	43.056	164	41	1
413	33554433	140	1	1	60.226	236	44	0
414	67108865	137	1	1	46.152	66	31	0
415	67108865	138	1	1	45.747	74	35	0
416	67108865	139	1	1	44.315	83	44	0
417	67108865	140	1	1	41.395	99	50	0
